29
35
41
17
2
27
3
21
2
48
14
12
1
38
2
48
65
24
11
2
25
3
34
7
10
4
12
45
29
27
2
13
1
9
12
2
11
46
2
8
74
2
10
31
36
3
53
8
8
1
28
12
4
31
12
1
4
22
5
10
5
46
3
1
6
1
4
8
46
25
29
5
29
13
27
17
1
20
7
8
32
33
6
43
2
1
30
2
18
17
1
31
35
5
9
13
2
1
10
32
2
6
2
15
44
6
14
9
8
34
8
5
13
3
10
7
4
52
10
14
54
36
8
1
56
22
17
8
39
13
12
2
5
2
29
2
1
4
3
37
52
13
30
3
33
11
6
6
2
24
27
4
30
19
5
4
3
7
57
16
31
3
22
9
1
12
3
32
1
27
9
4
58
1
2
16
11
2
3
7
17
2
15
31
1
3
25
3
2
3
1
22
13
23
3
5
6
13
2
2
52
7
45
2
1
53
23
10
16
2
28
22
16
5
15
10
6
1
1
9
3
4
4
7
1
10
1
3
2
7
62
1
7
1
4
15
27
3
29
7
2
7
10
9
18
19
6
10
6
60
8
1
4
20
26
13
21
5
2
4
8
2
12
21
18
18
36
16
15
8
10
1
45
15
33
15
57
13
4
30
2
11
11
1
8
2
8
57
46
28
25
1
5
15
6
4
1
5
2
1
1
63
6
3
3
25
8
10
11
2
2
5
12
5
38
36
44
10
7
2
17
19
4
7
9
2
11
1
23
6
37
2
1
1
4
40
7
4
23
3
1
46
14
1
8
2
5
7
18
11
1
10
5
12
8
22
2
9
14
1
8
12
1
44
1
1
18
25
31
6
40
3
1
48
6
5
46
5
13
45
13
17
1
12
19
26
5
9
10
10
20
4
31
20
6
7
20
53
2
28
8
12
17
1
7
21
44
1
4
2
4
4
9
14
1
18
3
7
2
25
8
5
8
2
31
2
32
18
35
37
5
26
7
64
11
10
62
1
4
3
10
2
3
39
1
15
29
16
32
25
7
5
11
2
62
12
5
9
1
1
8
36
2
12
35
30
1
13
2
2
3
35
1
1
7
33
4
25
6
62
2
76
5
6
8
6
21
1
22
30
4
1
12
7
26
28
3
31
47
18
12
13
1
21
9
4
18
1
2
40
34
33
44
1
2
60
4
22
18
8
33
61
2
5
9
2
2
50
2
31
30
4
35
10
2
11
31
4
4
20
4
34
23
40
10
31
1
20
110
2
48
16
4
1
15
20
19
118
32
1
2
68
40
1
4
23
2
46
44
12
25
5
5
50
2
2
7
1
2
6
1
1
12
7
5
25
3
20
35
2
16
8
7
4
4
1
1
2
54
5
4
2
10
6
6
42
9
6
25
19
8
47
23
69
7
2
10
2
4
4
9
2
15
11
7
73
10
27
86
1
7
4
7
19
1
1
8
20
2
13
5
28
12
13
14
30
39
30
15
8
2
3
9
11
47
24
10
2
6
32
23
8
8
2
1
19
4
5
3
3
32
10
81
2
6
4
4
39
48
43
8
4
15
13
3
14
1
4
24
2
2
4
1
2
4
14
4
13
56
27
20
11
2
7
21
55
19
10
56
9
1
2
2
30
2
16
63
39
2
5
71
57
9
24
7
2
5
21
37
10
5
4
17
8
26
1
18
17
15
43
2
12
2
2
12
2
2
2
10
5
29
10
2
6
1
4
1
33
25
15
22
28
10
2
14
4
10
1
4
3
4
4
3
3
22
7
16
61
5
13
1
12
24
13
6
2
22
1
1
46
4
36
84
1
3
46
8
41
31
9
31
3
3
37
4
2
2
3
7
14
1
8
3
42
4
16
1
5
11
42
18
19
9
17
12
2
22
5
27
7
15
10
9
6
1
3
2
2
64
2
5
11
9
7
1
35
12
9
23
32
1
6
8
34
26
32
4
1
4
1
1
4
2
7
5
9
3
2
2
2
1
21
18
2
1
3
11
10
20
2
14
4
1
54
2
14
4
20
25
5
12
13
19
3
36
15
23
26
2
6
1
2
87
6
1
4
1
12
11
4
5
14
12
6
24
49
2
33
5
4
5
21
70
24
7
43
11
3
8
13
3
12
7
26
10
24
2
1
4
3
29
1
3
17
7
33
17
32
48
4
43
1
4
1
21
16
2
1
1
20
69
2
1
51
4
35
26
4
10
9
35
2
7
1
20
26
9
7
35
12
7
2
35
33
21
15
2
8
53
19
4
3
10
2
4
3
12
25
29
11
