21
32
31
13
2
21
3
17
2
36
12
11
1
28
2
34
45
20
8
2
20
3
26
6
8
4
12
40
22
23
2
11
1
9
9
2
10
32
2
6
60
2
9
21
28
3
34
8
8
1
22
12
4
23
12
1
3
17
5
10
4
37
2
1
5
1
3
8
32
22
18
4
27
13
25
12
1
13
6
6
25
29
5
33
2
1
22
2
15
17
1
27
29
4
9
10
2
1
9
27
2
6
2
14
34
5
12
9
7
27
7
4
11
3
9
6
4
36
8
12
40
25
8
1
38
21
13
8
30
10
10
2
5
2
22
2
1
4
3
31
37
13
21
3
20
9
5
5
2
16
20
3
28
12
5
3
3
6
49
14
27
3
20
8
1
11
3
26
1
21
9
4
43
1
2
13
11
2
3
6
12
2
13
25
1
3
22
3
2
3
1
19
9
18
3
5
6
12
2
2
38
7
35
2
1
35
20
8
14
2
22
17
12
5
13
9
6
1
1
8
3
4
3
6
1
10
1
3
2
6
48
1
7
1
3
14
21
2
23
7
2
6
9
7
14
16
4
8
5
48
7
1
4
14
18
12
19
5
2
3
6
2
9
18
14
17
29
11
13
8
9
1
33
12
28
13
55
11
3
28
2
9
9
1
8
2
6
39
36
23
21
1
5
12
6
3
1
5
2
1
1
46
5
3
3
21
8
9
9
2
2
5
11
5
29
21
40
7
7
2
13
17
3
6
8
2
10
1
18
5
27
2
1
1
4
32
5
4
18
3
1
34
13
1
5
2
5
7
13
8
1
8
4
11
7
19
2
8
12
1
7
10
1
39
1
1
16
24
18
6
28
3
1
39
6
5
42
4
10
34
9
16
1
9
16
20
5
7
10
8
14
3
27
15
5
6
17
40
2
18
7
11
15
1
6
19
38
1
4
2
3
4
8
14
1
12
3
7
2
19
6
4
8
2
26
2
26
12
32
33
5
20
6
50
8
10
53
1
4
3
10
2
3
32
1
13
23
12
29
18
7
4
10
2
43
10
5
9
1
1
7
29
2
11
30
22
1
12
2
2
2
22
1
1
6
27
3
21
6
50
2
64
5
6
7
5
20
1
20
28
4
1
9
7
20
21
3
26
38
13
10
9
1
17
8
4
13
1
2
32
30
27
38
1
2
42
4
19
14
7
25
45
2
5
7
2
2
33
2
28
21
4
28
8
2
11
24
4
4
14
4
27
20
34
8
28
1
20
80
2
30
14
3
1
14
17
17
86
25
1
2
43
34
1
4
20
2
40
31
9
22
5
5
43
2
2
5
1
2
6
1
1
10
7
5
21
3
15
24
2
15
7
7
4
4
1
1
2
44
5
4
2
9
6
5
29
7
5
21
13
8
33
21
49
7
2
8
2
4
4
8
2
14
9
6
53
8
21
66
1
7
4
7
18
1
1
8
17
2
12
4
26
9
11
12
28
30
25
13
7
2
3
9
11
36
18
9
2
6
26
18
7
7
2
1
17
4
5
3
3
21
9
46
2
6
4
4
34
40
33
7
4
12
12
3
13
1
4
17
2
2
4
1
2
4
12
4
11
38
19
15
11
2
6
16
45
13
8
44
9
1
2
2
20
2
11
51
32
2
5
42
40
7
21
6
2
5
15
34
8
4
4
15
7
20
1
14
15
14
35
2
9
2
2
10
2
2
2
9
5
22
10
2
5
1
3
1
26
22
14
18
22
8
2
12
4
9
1
4
3
4
3
3
3
20
7
12
49
4
12
1
10
22
13
5
2
18
1
1
33
4
29
62
1
3
34
8
28
26
8
26
3
3
30
3
2
2
3
6
13
1
8
3
31
4
12
1
4
11
31
18
13
7
13
10
2
17
5
27
7
12
9
9
6
1
3
2
2
42
2
5
10
8
6
1
27
8
7
19
29
1
5
6
29
20
25
4
1
4
1
1
3
2
6
4
8
3
2
2
2
1
17
15
2
1
3
10
8
16
2
13
4
1
36
2
14
4
15
21
5
11
12
16
3
25
9
19
19
2
5
1
2
59
5
1
4
1
10
10
3
4
12
10
5
19
34
2
28
4
4
4
17
51
17
6
36
9
3
8
12
3
10
6
21
9
19
2
1
4
3
27
1
3
16
7
28
15
26
42
3
38
1
4
1
17
16
2
1
1
19
44
2
1
37
4
30
22
4
8
9
27
2
7
1
15
21
8
6
28
12
6
2
27
28
19
11
2
5
41
14
4
3
7
2
4
3
11
20
26
10
